0.71 1806.97 97.5905 2.8485 8.31645 4.78308 11.6201 96.0393 48.8585 35.8607 31.4026 4.13795 13.3199 55.8169 85.2466 2003.96 72.8827 
0.73 1480.21 279.212 688.192 171.451 33.8381 52.6243 71.7021 55.0941 9.96347 16.9282 57.1286 69.6106 0.679149 9.4384 2342.99 67.7173 
0.75 2273.03 116.087 0.581067 1.99487 11.4971 18.7438 192.48 64.3997 25.7438 21.5986 127.684 56.3391 8.04184 14.7779 2636.05 50.3817 
0.77 338.846 28.7995 5.09026 4.08659 2.25228 2.08484 1157.79 47.6532 854.192 41.8596 823.744 42.1284 1.54392 2.25036 3162.99 57.9471 
0.79 3218.96 124.264 2.54404 7.78964 1.54498 6.90968 118.701 61.2912 94.456 46.9885 70.1621 70.8573 26.9345 45.036 3531.91 56.9919 
0.81 2815.52 776.95 10.1903 88.0737 779.288 393.354 54.677 59.2695 3.25825 10.8804 0.0124964 0.343855 859.993 382.641 4531.98 69.7251 
0.83 5135.77 176.979 8.44428 6 267.079 118.471 1.18266 5.45283 14.3405 21.2949 292.787 87.0156 1.29068 7.56585 5714.14 74.7943 
0.85 4435.39 398.219 2271.6 271.955 45.967 65.9918 322.165 106.357 20.2161 25.3904 2.64241e-06 0.0177585 6.44183e-05 0.20185 7061.94 109.685 
0.87 5068.18 641.255 5.67285 36.5367 1838.78 307.536 162.492 59.2691 4.99895 10.3538 1.69922 5.99015 2099.09 304.004 9181.92 95.8539 
0.89 8374.03 568.103 3846.33 451.9 13.8605 69.5308 376.445 125.491 7.6087 28.6272 5.49046e-06 0.0392657 1.33794e-06 0.0173233 12597 102.899 
0.91 7934.29 874.87 105.173 147.724 4454.53 411.941 530.741 137.73 52.6304 54.0365 0.0708336 0.669868 4435.19 400.585 17429 132.304 
0.93 10973.4 1259.6 11.6388 6.74417 6398.86 562.923 737.867 176.03 12.747 20.9438 20.8908 10.9164 7016.04 553.715 25166.5 152.029 
0.95 24799.4 4531.64 1384.25 951.386 4520.62 2155.25 119.18 168.946 156.997 126.414 23.7354 24.4016 4705.88 2211 35699.9 155.559 
0.97 31699 3881.98 994.254 649.78 6096.39 1736.84 188.701 91.5567 120.598 91.3698 1.48306 5.16257 5887.53 1791.4 45038.2 216.84 
0.99 40733.6 127.402 499.301 17.6598 10.3309 2.54414 1331.71 28.7009 0.894219 0.636806 0.0360628 0.152236 0.0579285 0.191295 42481.8 128.488 
1.01 17101.9 748.184 11678.4 441.489 919.135 237.392 1390.75 194.267 456.087 118.175 62.5564 48.3739 1197.01 379.234 32855 182.568 
1.03 11063 1159.05 176.535 206.388 5365.96 546.045 547.352 153.281 33.5919 42.9446 2.11866 4.06963 5052.66 552.184 22212 149.015 
1.05 4051.91 414.486 19.0862 27.1157 5077.81 166.835 1332.51 147.433 24.2427 21.2657 0.335102 1.25221 5198.61 165.433 15626.8 125.075 
1.07 1998.83 226.349 9.16925 12.6157 3689.75 95.939 1470.04 127.017 6.30732 9.20794 2.98347 3.009 4034.74 97.208 11161 105.921 
1.09 1120.09 133.585 16.4011 15.0793 2968.99 73.2482 1717.92 115.253 11.5428 9.12934 1.84431 2.72754 3022.86 73.6297 8810.9 93.9034 
1.11 362.74 52.4686 1.93251 2.71599 2420.51 69.24 2472.71 106.321 4.4391 4.7762 1.87419 2.59919 2225.54 67.5498 7488.97 86.6196 
1.13 331.546 47.6112 2.37566 3.52034 1980 64.1268 2612.43 103.76 1.05932 2.15521 0.162551 0.861788 1942.43 63.8876 6880 82.9818 
1.15 96.8019 19.8435 4.46636 5.33642 1462.14 62.5323 3588.38 100.546 0.071822 0.468037 0.363309 1.40797 1404.86 61.9211 6582.89 81.2168 
1.17 60.0478 13.9705 2.49616 3.45885 1247.51 62.5627 4694.55 104.478 0.0234167 0.247374 0.621701 1.40034 1096.72 62.2797 7096.01 84.7795 
1.19 28.6363 8.34955 1.66909 2.42859 951.647 61.3849 6099.06 108.911 6.2054 3.64674 0.377559 1.16417 937.212 60.7457 8023.98 90.4332 
1.21 14.1573 5.32967 3.17185 2.50609 907.045 63.5939 8405.48 118.751 4.18576 3.40876 0.905453 2.50973 818.691 62.3726 10138.8 100.981 
1.23 17.0166 7.46165 8.36483 8.98194 660.322 63.1536 11678.6 131.84 8.13427 4.68446 1.09568 2.2098 641.406 130.596 13002 170.044 
1.25 301.53 59.6723 304.5 60.6903 102.539 30.4558 16780.4 157.792 47.0104 15.0403 240.233 68.1928 91.0204 50.0293 17823.8 137.727 
1.27 1010.35 96.6421 3.15483 1.95042 0.713755 2.02651 24242.1 176.185 0.100187 0.646825 0.000186834 0.114911 0.000313164 0.231214 25250.1 164.331 
1.29 1.30698 1.41327 6.64207 7.07267 420.332 70.3312 33640.2 204.856 3.38201 4.82896 0.000267058 0.04363 504.666 90.3838 34563.2 192.281 
1.31 2.75137 1.9822 0.666894 2.84685 417.823 82.5404 41554.7 188.389 4.62393 6.41792 1.81435 4.44746 423.516 84.7722 42392.5 175.776 
1.33 0.0270068 0.231247 188.694 124.237 90.2912 69.004 40532.1 217.4 38.0134 23.7656 0.177058 1.50917 307.876 169.78 41145 255.339 
1.35 15.7289 10.3012 1.29252 1.28689 276.236 33.5824 31714.3 231.658 2.89091 3.93073 0.634718 2.89186 365.056 73.2946 32345 230.28 
1.37 1.86686 1.57799 1.02535 3.64708 282.403 53.892 22625.2 166.129 4.65175 5.99896 4.29186 6.15427 299.542 60.5127 23211.9 147.685 
1.39 0.000404514 0.0228704 176.041 60.3112 1.56089 4.42577 16290.9 141.666 4.10089 4.21916 20.9016 30.6726 28.658 42.724 16511.6 133.706 
1.41 8.56319 7.24221 5.48948 2.90191 169.965 62.6565 11527.2 147.748 2.15191 2.82476 1.89063 3.45313 191.86 40.7142 11894.9 133.612 
1.43 244.904 94.3456 57.7518 43.8197 1.65845 5.39399 8632.05 108.127 10.9943 10.8441 47.2073 34.2592 54.4673 45.3977 9048.05 95.5262 
1.45 24.7165 22.7921 63.4481 42.0887 21.2765 17.3656 6699.01 92.8183 25.9731 14.5538 123.865 40.3213 4.66252 9.08796 6957.01 86.4795 
1.47 291.897 48.4517 3.64435 4.21055 0.1131 0.787928 5284.2 84.2877 1.62411 2.42314 6.95802e-06 0.0300817 4.17425e-06 0.0236747 5579.96 75.0438 
1.49 14.3856 16.9086 44.9236 37.0412 87.6707 35.0825 4087.64 76.6309 2.85822 4.93669 1.67843 3.18613 206.184 83.5829 4442.99 103.656 
1.51 178.656 58.5551 9.55525 12.7827 0.258629 0.971754 3494.04 70.6425 2.26439 1.79496 18.9759 24.1457 11.6718 21.6915 3712.01 61.2127 
1.53 138.289 241.991 32.0407 111.269 4.68166 33.1092 2985.77 70.4898 8.52633 26.8969 22.0413 31.902 23.1364 34.0682 3213.91 57.075 
1.55 4.83373 2.74164 273.134 44.9466 2.11252 3.01415 2421.73 61.6835 1.03881 1.59618 3.49883e-06 0.0423232 2.44531e-06 0.0226043 2700.82 54.0791 
1.57 5.30945 5.44569 5.21465 7.73916 0.120808 1.00438 2180.13 50.999 63.2699 18.5728 55.7849 23.6555 3.93869 6.28786 2316.06 53.5697 
1.59 116.374 46.3159 1.22343 3.80225 0.310252 1.39327 1889.53 50.7119 0.330954 0.861651 0.265607 3.00622 30.3861 55.0072 2037.01 57.7272 
1.61 224.388 34.5405 0.83351 1.48562 1.5346 2.23755 1602.35 50.5528 0.309425 0.871433 0.000210652 0.0697117 8.71798e-06 0.0170899 1830 42.841 
1.63 1.65093 3.41996 1.36025 1.52497 121.328 24.6564 1428.77 50.9032 1.32058 1.89291 20.7819 39.0638 82.43 54.4956 1660.01 40.6696 
1.65 85.383 43.6419 4.10771 9.36335 0.940823 3.13459 1317.36 47.6217 11.5358 7.7165 45.2911 24.8716 0.0132859 0.513754 1462.01 39.5138 
1.67 149.341 30.0011 0.215721 1.07664 0.234006 1.06308 1242.64 43.1175 0.719425 1.37776 0.459737 11.8564 0.0887821 3.64651 1393 38.0407 
1.69 157.245 32.8249 2.42118 3.07115 5.50883 5.03465 1023.85 39.9613 0.0632995 0.375141 0.879687 6.09731 1.96548 12.8025 1190 34.5345 
1.71 142.603 25.9766 1.10575 1.34914 0.367937 0.762448 975.363 38.815 1.72251 2.08981 1.62683e-05 0.0245841 0.000255194 0.151611 1119 33.6618 
1.73 3.71869 5.50561 1.359 1.77063 86.1995 23.1962 783.348 48.4721 2.09866 2.60267 22.2949 45.0083 53.1579 62.5725 951.006 30.9148 
1.75 101.822 21.8702 0.645143 1.65406 0.210201 0.571562 739.213 33.271 0.886166 1.47993 1.34572e-05 0.0192034 0.000306315 0.0939565 842.003 29.0577 
1.77 31.1549 30.9229 23.0948 25.9091 3.51334 8.31462 675.787 32.0149 0.147398 0.713977 20.7692 15.0167 5.30915 8.68754 758.989 27.6188 
1.79 75.9752 49.9954 3.87922 8.82043 4.37426 6.89675 592.617 37.1496 0.688453 1.51357 32.0564 23.8517 0.506078 3.05722 710.002 26.6809 
1.81 98.3567 33.7221 1.64907 4.42047 1.00459 1.76688 534.57 32.4914 1.44752 1.86346 4.57057 15.3614 7.44004 21.7543 649.002 28.0372 
1.83 101.014 29.4619 0.39495 1.60415 0.342411 0.88751 534.82 31.0718 0.407044 0.859808 6.10855 10.9218 9.5712 15.954 652.017 25.5969 
1.85 35.862 15.0108 29.6885 13.8859 1.73376 3.03016 480.249 29.0379 11.3398 6.3263 8.28109 10.4959 12.2655 14.9759 578.011 24.0967 
1.87 4.80582 7.69994 6.75964 9.40693 18.8909 11.6725 459.756 28.6349 0.84591 1.75298 28.709 20.0349 3.75867 26.0138 523.001 22.9398 
1.89 18.5548 22.1494 1.05413 1.53757 10.1772 12.7375 440.268 29.6965 9.271 9.69442 3.82706 10.1273 18.2218 24.6298 502.991 24.1702 
1.91 1.15883 3.16391 0.121789 0.958519 52.7439 17.6094 379.975 34.7778 1.83832 2.25542 13.6151 31.4124 23.1511 43.6626 473.032 21.7491 
1.93 1.312 3.43136 1.84761 4.09818 19.1292 11.7127 353.245 23.4129 0.0766439 0.490544 12.5327 8.37523 20.5111 13.2044 407.988 20.2615 
1.95 39.9583 29.276 1.45164 5.52257 0.475258 1.18442 338.42 23.6783 0.607387 1.57552 2.77562 6.89057 9.26255 16.5324 393.003 19.8904 
1.97 2.54692 3.92493 0.602993 1.74264 26.4778 11.545 288.735 22.206 0.376343 1.27552 0.813164 2.22659 20.3194 15.9088 339.024 20.3271 
1.99 7.94957 11.6554 1.43247 4.82172 11.9999 11.1281 278.296 20.7112 1.86642 1.72803 7.20508 6.27377 12.706 10.5277 321.986 17.949 
